Dynamic Data
Time (min.)	AlignX	AlignY	Temperature(C)
0.118750	0.470717	2.899614	22.470467	
0.172783	0.527058	2.954345	22.971336	
0.226783	0.600423	3.066293	23.831022	
0.280783	0.678590	3.188483	24.933014	
0.334783	0.750218	3.312418	26.401785	
0.388817	0.846921	3.464787	28.009050	
0.442783	0.903675	3.601373	29.756084	
0.496817	0.982054	3.749264	31.601889	
0.550783	1.039500	3.894268	33.369045	
0.604783	1.112241	4.031114	35.251293	
0.658783	1.176795	4.166011	37.053040	
0.712783	1.222178	4.293606	38.910522	
0.766783	1.257003	4.455623	40.750031	
0.820783	1.307448	4.601663	42.636059	
0.874783	1.375305	4.739272	44.421989	
0.928850	1.436085	4.909493	46.227268	
0.982850	1.496866	5.038763	47.992432	
1.036850	1.520203	5.183678	49.880581	
1.090850	1.580074	5.368466	51.537563	
1.144850	1.630596	5.539510	53.372585	
1.198850	1.663688	5.711188	55.005016	
1.252817	1.740985	5.899825	56.704929	
1.306850	1.783064	6.069667	58.513805	
1.360617	1.867358	6.236061	60.172428	
1.414417	1.897502	6.432203	61.924911	
1.468250	1.967690	6.643218	63.598057	
1.522250	2.033396	6.795418	65.275749	
1.576250	2.097233	6.967864	67.019775	
1.630250	2.145195	7.162928	68.691658	
1.684250	2.206757	7.364276	70.404442	
1.738250	2.328154	7.517419	72.022263	
1.792050	2.372294	7.726545	73.711052	
1.845850	2.456152	7.930766	75.328522	
1.899817	2.579776	8.130387	76.977341	
1.953817	2.643072	8.374663	78.719101	
2.007817	2.760968	8.626327	80.311409	
2.061817	2.866270	8.841438	82.034363	
2.115717	2.959285	9.084815	83.637978	
2.169750	3.107968	9.364674	85.228378	
2.223750	3.223202	9.670655	86.940369	
2.277750	3.371895	9.957807	88.577637	
2.331750	3.579029	10.291245	90.213036	
2.385550	3.809582	10.688447	91.866264	
2.439350	4.024940	11.117666	93.492889	
2.493250	4.268152	11.496505	95.092056	
2.547250	4.500251	11.937932	96.778481	
2.601217	4.695556	12.261550	98.344551	
2.655017	4.885576	12.599478	100.030945	
2.708817	5.010026	12.899417	101.536095	
2.762783	5.184124	13.234571	103.285759	
2.816783	5.320105	13.538275	104.919868	
2.870717	5.429740	13.777110	106.541817	
2.924750	5.537860	14.010642	108.167984	
2.978750	5.586480	14.250052	109.834572	
3.032817	5.679066	14.450676	111.428207	
3.086817	5.752721	14.590486	113.061470	
3.140817	5.821975	14.789483	114.711639	
3.194783	5.846216	15.002028	116.214684	
3.248817	5.867734	15.201494	117.937813	
3.302783	5.969159	15.371228	119.571274	
3.356817	5.940634	15.583794	121.203857	
3.410783	6.029977	15.789467	122.823616	
3.464783	6.040625	15.989902	124.421097	
3.518783	6.076684	16.154814	126.044098	
3.572783	6.088677	16.356735	127.731392	
3.626783	6.139153	16.562952	129.245544	
3.680783	6.130954	16.755077	130.930054	
3.734783	6.080379	16.943396	132.567963	
3.788783	6.120844	17.151922	134.148346	
3.842850	6.090946	17.344929	135.804031	
3.896850	6.107329	17.582880	137.417526	
3.950883	6.101769	17.750002	139.073898	
4.004883	6.026731	18.001307	140.676300	
4.058883	6.058586	18.256849	142.250275	
4.112683	6.023934	18.535982	143.840057	
4.166483	6.025756	18.747551	145.572830	
4.220317	6.075424	19.043600	147.185165	
4.274317	6.116266	19.271883	148.886047	
4.328117	6.167886	19.548996	150.334549	
4.381917	6.240592	19.760126	152.018051	
4.435850	6.320433	19.969975	153.614334	
4.489817	6.388217	20.186220	155.287125	
4.543850	6.513779	20.503464	156.840973	
4.597816	6.571458	20.803886	158.464386	
4.651817	6.666347	21.055134	160.147842	
4.705817	6.825492	21.354805	161.689011	
4.759817	6.942625	21.612206	163.373978	
4.813817	7.051248	21.875374	164.962769	
4.867816	7.179773	22.160109	166.592484	
4.921783	7.325628	22.418255	168.230103	
4.975817	7.385252	22.733500	169.781799	
5.029783	7.486955	22.972879	171.452667	
5.083783	7.602373	23.228403	173.086395	
5.270717	7.855145	24.028328	178.685638	
5.324717	8.004363	24.276505	180.338272	
5.378716	8.066543	24.474628	181.896835	
5.432517	8.156087	24.691692	183.531998	
5.486317	8.227808	24.886332	185.153351	
5.540150	8.354578	25.105347	186.737350	
5.594150	8.437223	25.194300	188.388779	
5.648183	8.661011	25.326918	189.996704	
5.702283	8.838800	25.459305	191.588043	
5.756283	9.001437	25.565668	193.220505	
5.810083	9.228063	25.587561	194.846313	
5.863883	9.395555	25.663443	196.435150	
5.917783	9.638625	25.734642	198.041077	
5.941750	9.856143	25.809345	198.795029	
5.955616	9.875991	25.803736	199.254761	
5.969283	10.035060	25.920561	199.593903	
5.983083	9.966614	25.887400	200.009781	
5.996950	9.983912	25.983641	200.427261	
6.010617	9.757904	25.926270	200.869568	
6.024617	8.743598	26.004560	201.305588	
6.038550	8.709708	26.034941	201.652969	
6.052417	8.947882	26.041414	202.112152	
6.066283	8.909321	25.996080	202.530930	
6.080017	8.933873	26.109690	202.974915	
6.093683	8.083254	26.099506	203.319397	
6.107550	6.196277	26.101215	203.725128	
6.121217	6.424573	26.265717	204.201645	
6.135083	6.282066	26.205093	204.562714	
6.148950	4.126596	26.128620	204.974289	
6.162617	4.212317	26.263836	205.413681	
6.176617	4.064128	26.238539	205.817169	
6.190417	2.383114	26.326557	206.292664	
6.204283	2.484145	26.201015	206.736603	
6.217950	1.755869	26.320549	207.079697	
6.231817	0.515466	26.334793	207.464233	
6.245683	0.430266	26.258354	207.896698	
6.259550	0.632654	26.266697	208.343018	
6.273483	0.544851	26.280340	208.752502	
6.287150	0.755559	26.326298	209.140015	
6.300883	0.699862	26.412931	209.588333	
6.314883	0.868049	26.569851	210.020233	
6.328550	0.882383	26.540018	210.417984	
6.342417	0.895946	26.400446	210.830231	
6.356283	0.974778	26.437082	211.252594	
6.370017	0.865813	26.468428	211.632431	
6.383750	1.153563	26.472607	212.049423	
6.397683	1.102965	26.490480	212.481415	
6.411350	1.066813	26.497360	212.927719	
6.425083	1.138108	26.482540	213.372864	
6.438950	1.329828	26.492754	213.697556	
6.452816	1.166673	26.650377	214.106339	
6.466483	1.408319	26.621645	214.546158	
6.480217	1.432078	26.675518	214.990204	
6.494083	1.419938	26.624237	215.390579	
6.507750	1.612273	26.704193	215.804031	
6.521616	1.562483	26.641369	216.250259	
6.535550	1.720161	28.540085	216.671509	
6.549417	1.518248	28.686340	217.077881	
6.563083	1.771552	28.179237	217.396454	
6.577150	1.537411	23.304552	217.847061	
6.591750	1.592575	23.292486	218.353210	
6.605617	1.656474	22.436737	218.700241	
6.619350	1.596599	20.428108	219.101364	
6.633083	1.603114	20.339554	219.554489	
6.646950	1.608471	20.133001	220.037018	
6.660617	1.554877	14.386191	220.341553	
6.674483	1.581047	14.410106	220.804779	
6.688350	1.669892	11.505020	221.225311	
6.702217	1.684288	7.930399	221.601761	
6.715883	1.742797	7.842873	221.993210	
6.729617	1.752727	2.534454	222.397186	
6.743484	1.808102	2.543837	222.824890	
6.757150	1.887651	1.831081	223.251389	
6.770950	1.921089	0.587263	223.658508	
6.784817	1.950538	0.675993	224.088898	
6.798750	2.029113	0.688800	224.525192	
6.812417	1.982385	0.621794	224.981812	
6.826083	2.075325	0.681583	225.265060	
6.840017	2.076757	0.723935	225.774368	
6.853683	2.153539	0.722736	226.188736	
6.867483	2.192029	0.766752	226.578171	
6.881350	2.279777	0.759304	226.948257	
6.895216	2.223385	0.791894	227.406860	
6.908884	2.265486	0.820923	227.846771	
6.922550	2.325492	0.885684	228.257095	
6.936483	2.336854	0.871117	228.675934	
6.950150	2.367501	0.892770	229.097839	
6.963883	2.434377	0.908302	229.497681	
6.977750	2.466755	0.982478	229.864914	
6.991617	2.541293	0.996354	230.291031	
7.005350	2.519310	1.055118	230.652695	
7.019083	2.660681	1.101852	231.129623	
7.032950	2.666643	1.073577	231.532242	
7.046617	2.660344	1.122549	231.945053	
7.060417	2.686440	1.129459	232.348846	
7.074350	2.704149	1.169466	232.826218	
7.088217	2.712048	1.153647	233.201828	
7.101883	2.719462	1.246945	233.599854	
7.115550	2.767645	1.262839	234.010818	
7.129416	2.834724	1.243069	234.521637	
7.143150	2.919251	1.321395	234.838333	
7.156950	2.892775	1.315815	235.214188	
7.170817	2.935857	1.281503	235.652588	
7.184683	3.000472	1.378546	236.055084	
7.198350	3.007829	1.405729	236.478699	
7.212083	3.064887	1.445221	236.949265	
7.225950	3.075799	1.481272	237.346939	
7.239617	3.086762	1.497860	237.739182	
7.253350	3.083785	1.518075	238.161346	
7.267217	3.166256	1.576670	238.581070	
7.281083	3.170005	1.579199	238.961670	
7.295150	3.189764	1.582140	239.425247	
7.309017	3.241634	1.601872	239.822662	
7.322750	3.241172	1.617528	240.285309	
7.336417	3.271526	1.648095	240.642227	
7.350283	3.330166	1.670154	241.006393	
7.364217	3.298545	1.701992	241.452393	
7.377883	3.397807	1.743040	241.873535	
7.391750	3.441537	1.825808	242.287643	
7.405617	3.464146	1.819793	242.835052	
7.419550	3.462860	1.846936	243.194397	
7.433483	3.484493	1.958654	243.580841	
7.447150	3.546499	1.946528	243.946747	
7.460883	3.587926	1.945902	244.354675	
7.474750	3.625341	1.962845	244.777023	
7.488417	3.620491	2.043636	245.190994	
7.502150	3.687538	2.046116	245.609787	
7.516083	3.709583	2.101236	245.996994	
7.529950	3.739718	2.107414	246.421005	
7.543617	3.723738	2.144285	246.836807	
7.557350	3.836363	2.211057	247.312592	
7.571217	3.803440	2.234941	247.699234	
7.584950	3.886817	2.256137	248.070786	
7.598683	3.840852	2.294778	248.470001	
7.612550	3.873337	2.324005	248.941055	
7.626417	3.943891	2.331357	249.400635	
7.640083	3.943201	2.348596	249.723526	
7.653883	3.970034	2.342198	250.218994	
7.667750	3.985116	2.429331	250.616806	
7.681417	4.009923	2.418430	250.979477	
7.695283	4.051998	2.477381	251.436783	
7.709150	4.115581	2.499484	251.789749	
7.723017	4.095273	2.528793	252.228470	
7.736683	4.109655	2.588636	252.599670	
7.750350	4.127143	2.615099	253.010696	
7.764217	4.157967	2.555619	253.509888	
7.777884	4.199073	2.612145	253.850830	
7.791683	4.226398	2.691662	254.301056	
7.805550	4.232450	2.683193	254.769394	
7.819417	4.270068	2.724933	255.126968	
7.833283	4.263198	2.757235	255.539291	
7.847017	4.306576	2.759478	255.964493	
7.860683	4.368671	2.793905	256.380341	
7.874550	4.325802	2.817904	256.814026	
7.888283	4.363182	2.862953	257.203217	
7.902017	4.404984	2.838906	257.618256	
7.915884	4.427176	2.885888	258.017273	
7.929750	4.466631	2.875810	258.453644	
7.943617	4.528376	2.869878	258.817810	
7.957350	4.492569	2.962653	259.272736	
7.971017	4.521461	2.954459	259.643127	
7.984950	4.549319	2.955421	260.066040	
7.998617	4.594717	2.999370	260.513000	
8.012417	4.591265	3.010448	260.962128	
8.026283	4.645724	3.010725	261.336426	
8.040216	4.627832	2.994802	261.722137	
8.053884	4.649736	3.051872	262.115814	
8.067550	4.684796	3.079021	262.540375	
8.081417	4.674140	3.094135	262.976074	
8.095083	4.737651	3.056374	263.364990	
8.108950	4.738997	3.122511	263.862305	
8.122817	4.775198	3.082414	264.244629	
8.136683	4.788696	3.134095	264.657074	
8.150416	4.748493	3.146307	265.060455	
8.164083	4.740393	3.161827	265.502747	
8.177950	4.799703	3.219402	265.895508	
8.191883	4.815571	3.218671	266.289124	
8.205550	4.853916	3.259959	266.698822	
8.219350	4.843325	3.230238	267.134247	
8.233216	4.898825	3.259110	267.557373	
8.247084	4.879158	3.291285	267.960083	
8.260817	4.962176	3.327636	268.362061	
8.274550	4.986512	3.305115	268.772797	
8.288417	4.937249	3.316709	269.212250	
8.302083	4.915193	3.387853	269.586945	
8.315950	4.990716	3.399656	270.044373	
8.329817	5.003802	3.439955	270.445038	
8.343683	4.991912	3.439111	270.809296	
8.357550	5.040123	3.418993	271.247772	
8.371284	5.036519	3.438784	271.646606	
8.385016	5.099986	3.483574	272.061554	
8.398883	5.031832	3.469728	272.495148	
8.412617	5.067615	3.534961	272.854126	
8.426350	5.087659	3.528102	273.317749	
8.440217	5.120270	3.517655	273.685364	
8.454083	5.191238	3.532518	274.174591	
8.467950	5.167624	3.526103	274.586670	
8.481617	5.190361	3.633966	274.966705	
8.495350	5.275570	3.608225	275.353821	
8.509216	5.231490	3.632177	275.887085	
8.522883	5.264988	3.627691	276.215363	
8.536683	5.304791	3.633302	276.646667	
8.550550	5.285098	3.680204	277.070129	
8.564350	5.292364	3.668163	277.489349	
8.578217	5.300250	3.648543	277.893829	
8.591884	5.308660	3.729779	278.321716	
8.605683	5.349684	3.720028	278.724884	
8.619550	5.399117	3.784229	279.083374	
8.633284	5.382135	3.714991	279.486969	
8.647083	5.395143	3.711007	279.954742	
8.660950	5.409249	3.752212	280.360962	
8.674817	5.406297	3.769907	280.761261	
8.688483	5.488897	3.768090	281.152557	
8.702217	5.507111	3.796400	281.572266	
8.716084	5.483100	3.800320	282.026886	
8.729750	5.500546	3.836351	282.481140	
8.743484	5.523121	3.893748	282.789307	
8.757350	5.543384	3.872804	283.247284	
8.771216	5.575051	3.866015	283.646210	
8.785150	5.528481	3.910941	284.128998	
8.798817	5.571640	3.927151	284.530243	
8.812484	5.584023	3.969160	284.942871	
8.826417	5.626801	3.991059	285.377960	
8.840083	5.661332	4.039021	285.744720	
8.853884	5.651857	3.989626	286.150299	
8.867817	5.670763	4.073263	286.521667	
8.881683	5.729279	4.093835	286.966858	
8.895350	5.687614	4.057575	287.392090	
8.909083	5.726611	4.039260	287.796143	
8.922950	5.725685	4.067975	288.197662	
8.936617	5.719298	4.140880	288.662415	
8.950283	5.781003	4.105878	289.041351	
8.964216	5.806677	4.155616	289.440033	
8.978084	5.829554	4.143713	289.853638	
8.991750	5.841184	4.175460	290.319092	
9.005484	5.825643	4.246625	290.699799	
9.019417	5.873712	4.217466	291.135010	
9.033083	5.873404	4.228555	291.543457	
9.046884	5.851108	4.258476	291.941101	
9.060750	5.945383	4.276766	292.322510	
9.074683	6.011970	4.271173	292.813110	
9.088350	5.940946	4.296164	293.206604	
9.102016	5.955246	4.343455	293.590881	
9.115883	5.956192	4.340758	293.996033	
9.129617	5.964632	4.373217	294.427887	
9.143416	6.026413	4.342817	294.811371	
9.157284	6.045426	4.383852	295.219849	
9.171150	6.050639	4.366803	295.695038	
9.185083	6.123889	4.366135	296.065582	
9.198750	3.832366	4.363565	296.448273	
9.212483	3.711399	4.362716	296.884491	
9.226350	1.506499	4.331660	297.336884	
9.240084	1.259975	4.293052	297.735321	
9.253883	-0.362693	4.353027	298.204987	
9.267750	-0.392089	4.392964	298.580566	
9.281616	-0.325540	4.302434	298.922272	
9.295350	-0.387158	6.420135	299.402863	
9.309016	-0.404203	7.390493	299.836487	
9.322884	-0.366060	3.531448	300.171539	
9.336550	-0.306111	2.572047	300.614502	
9.350417	-0.240754	1.675726	300.980988	
9.364284	-0.257889	0.337392	301.432068	
9.378150	-0.309875	0.338848	301.850372	
9.391817	-0.298390	0.371389	302.269287	
9.405550	-0.308419	0.226629	302.731537	
9.419416	-0.189357	0.142814	303.053192	
9.433084	-0.233631	0.203788	303.471619	
9.446883	-0.163345	0.203084	303.920776	
9.460750	-0.110083	0.242455	304.275391	
9.474684	-0.143885	0.264349	304.779083	
9.488350	-0.104716	0.231353	305.138336	
9.502084	-0.061671	0.316338	305.563812	
9.515950	-0.086284	0.345196	305.988220	
9.529616	-0.049992	0.405165	306.419189	
9.543484	0.001216	0.371935	306.798706	
9.557350	-0.007000	0.395279	307.238190	
9.571083	-0.065003	0.428514	307.622284	
9.584817	0.002341	0.458881	308.004639	
9.598683	0.030153	0.439390	308.445343	
9.612350	-0.009142	0.439447	308.917999	
9.626217	0.027207	0.426695	309.297363	
9.640083	0.078890	0.379809	309.791351	
9.654016	0.051509	0.436985	310.182495	
9.667684	0.058765	0.483678	310.601349	
9.681350	0.061812	0.497401	310.998962	
9.695217	0.076793	0.589741	311.421875	
9.708950	0.120265	0.487747	311.763397	
9.722616	0.111855	0.577354	312.202179	
9.736484	0.216571	0.602387	312.599213	
9.750417	0.175722	0.579935	313.004974	
9.764083	0.191071	0.584791	313.424652	
9.777750	0.208604	0.625633	313.867889	
9.791683	0.203453	0.664213	314.205261	
9.805350	0.244444	0.677985	314.703430	
9.819217	0.285543	0.705357	315.085266	
9.833083	0.251908	0.734870	315.498260	
9.846950	0.288050	0.722219	315.896698	
9.860617	0.337969	0.676271	316.313477	
9.874350	0.354510	0.798169	316.713745	
9.888217	0.326157	0.858317	317.139404	
9.901883	0.412661	0.836559	317.552155	
9.915617	0.454113	0.867650	317.950592	
9.929483	0.427935	0.879624	318.345764	
9.943350	0.472549	0.896036	318.831665	
9.957283	0.512716	0.937599	319.132507	
9.970950	0.483749	0.946821	319.662354	
9.984683	0.570095	0.928554	320.050690	
9.998550	0.546253	0.986902	320.430786	
10.012217	0.529301	0.992511	320.814484	
10.025950	0.580550	0.974747	321.273712	
10.039817	0.598574	1.005231	321.708374	
10.053683	0.587061	1.011566	322.121948	
10.067350	0.551062	1.024830	322.551849	
10.081150	0.606897	1.021015	322.966492	
10.095016	0.626505	1.089646	323.323029	
10.108684	0.623580	1.117818	323.726440	
10.122483	0.665861	1.105525	324.230133	
10.136350	0.676750	1.126199	324.594452	
10.150217	0.730485	1.175142	324.998108	
10.164083	0.725612	1.172710	325.459869	
10.177750	0.751880	1.152799	325.808380	
10.191483	0.775447	1.205414	326.238556	
10.205350	0.757938	1.194331	326.619354	
10.219017	0.836150	1.194224	327.047180	
10.325617	0.851858	1.394913	330.285278	
10.339550	0.884833	1.444722	330.718567	
10.353416	0.873303	1.475452	331.140106	
10.367150	0.914494	1.478980	331.540833	
10.380816	0.937060	1.479076	331.903198	
10.394683	0.980145	1.542251	332.337952	
10.408350	1.006396	1.516699	332.722168	
10.422216	0.989608	1.613907	333.128784	
10.436084	1.063141	1.603516	333.593353	
10.449950	1.058855	1.612789	334.021759	
10.463616	1.049276	1.609341	334.384003	
10.477283	1.088193	1.617287	334.823242	
10.491150	1.111230	1.637663	335.161652	
10.504884	1.095222	1.666492	335.629700	
10.518683	1.139064	1.733538	336.097900	
10.532550	1.182685	1.730074	336.487000	
10.546483	1.209429	1.716992	336.884827	
10.560150	1.163617	1.801640	337.259460	
10.573883	1.163382	1.778157	337.784515	
10.587750	1.226045	1.786397	338.120270	
10.601417	1.216285	1.823865	338.510986	
10.615216	1.244739	1.890566	338.902618	
10.629084	1.311613	1.894598	339.312866	
10.642950	1.299531	1.917264	339.766754	
10.656616	1.259672	1.970794	340.125214	
10.670283	1.281758	1.954070	340.556915	
10.684150	1.324302	1.980227	341.018433	
10.697884	1.356997	2.054902	341.440857	
10.711683	1.413498	2.068022	341.842743	
10.725550	1.379596	2.081771	342.273071	
10.739417	1.411798	2.166434	342.650024	
10.753150	1.438194	2.158531	343.104126	
10.766817	1.428984	2.171514	343.494751	
10.780684	1.436155	2.178611	343.903687	
10.794416	1.479851	2.193257	344.320557	
10.808217	1.511301	2.230778	344.685730	
10.822017	1.489001	2.233136	345.148743	
10.835950	1.516030	2.265112	345.563873	
10.849617	1.589417	2.334599	345.937378	
10.863283	1.571476	2.307918	346.377563	
10.877150	1.590625	2.300699	346.783875	
10.890883	1.621413	2.401676	347.219818	
10.904616	1.645375	2.368558	347.615997	
10.918484	1.588284	2.460041	348.053070	
10.932350	1.669054	2.456401	348.447174	
10.946217	1.710393	2.507782	348.877411	
10.959884	1.706108	2.487425	349.285461	
10.973617	1.718487	2.526107	349.669922	
10.987483	1.727970	2.564650	350.065674	
11.001150	1.763186	2.555900	350.479248	
11.014950	1.717192	2.599722	350.920471	
11.028816	1.768116	2.605599	351.355133	
11.042684	1.782540	2.672642	351.699188	
11.056350	1.845084	2.707403	352.144379	
11.070084	1.837899	2.742244	352.563232	
11.084017	1.825444	2.748205	352.995514	
11.097683	1.828142	2.767102	353.385406	
11.111484	1.811580	2.858768	353.784332	
11.125417	1.862059	2.878094	354.223755	
11.139283	1.868361	2.831172	354.616241	
11.153150	1.886685	2.874013	355.109863	
11.166883	1.938874	2.886462	355.491608	
11.180616	1.914009	2.913385	355.898407	
11.194484	1.956688	2.969942	356.369659	
11.208150	1.941306	2.958814	356.714355	
11.222016	1.976391	2.941025	357.143799	
11.235884	1.957723	2.981538	357.546112	
11.249750	2.009510	3.050213	357.927399	
11.263416	2.010993	2.976071	358.345367	
11.277150	2.018118	3.061965	358.772949	
11.291017	2.027120	3.049912	359.157257	
11.304684	2.006896	3.066143	359.594025	
11.318417	2.070354	3.110581	359.975983	
11.332283	2.032258	3.181570	360.397522	
11.346150	2.068818	3.136340	360.834015	
11.360084	2.074938	3.118828	361.307892	
11.373750	2.088096	3.191361	361.634918	
11.387484	2.118631	3.166765	362.042297	
11.401350	2.117712	3.207888	362.555145	
11.415017	2.115125	3.185353	362.956024	
11.428750	2.137618	3.201346	363.355835	
11.442616	2.133343	3.202508	363.736908	
11.456483	2.117695	3.223632	364.191437	
11.470150	2.150741	3.254375	364.564056	
11.483950	2.174098	3.236332	364.974182	
11.497817	2.202381	3.325218	365.368347	
11.511483	2.154685	3.298972	365.776947	
11.525217	2.186537	3.297356	366.263428	
11.539083	2.212446	3.327200	366.619843	
11.553017	2.219374	3.367060	367.022003	
11.566883	2.176364	3.396052	367.488983	
11.580617	2.246938	3.396377	367.889648	
11.594283	2.259511	3.430022	368.277100	
11.608150	2.280078	3.406963	368.682190	
11.621817	2.251750	3.460988	369.128235	
11.635550	2.283921	3.469743	369.570068	
11.649417	2.331398	3.481311	369.948120	
11.663350	2.325874	3.432540	370.341522	
11.677217	2.330989	3.493513	370.775696	
11.690884	2.331075	3.490565	371.223969	
11.704617	2.328436	3.552133	371.619873	
11.718483	2.365322	3.573869	372.019653	
11.732150	2.397166	3.567193	372.420105	
11.746017	2.416434	3.609969	372.862152	
11.759883	2.418523	3.573536	373.246155	
11.773750	2.457802	3.589409	373.687103	
11.787416	2.412401	3.623193	374.096985	
11.801084	2.426317	3.633825	374.446472	
11.814950	2.439908	3.680294	374.868622	
11.828617	2.373076	3.682681	375.308807	
11.842417	2.427892	3.683748	375.718231	
11.856283	2.459955	3.726527	376.116608	
11.870150	2.417964	3.735892	376.559662	
11.883883	2.503857	3.759840	376.991364	
11.897616	2.503109	3.779032	377.450500	
11.911484	2.533579	3.788901	377.821167	
11.925150	2.521572	3.813036	378.211151	
11.938884	2.500565	3.795290	378.613068	
11.952817	2.555543	3.803933	379.030701	
11.966683	2.532377	3.871577	379.446594	
11.980350	2.543254	3.801647	379.892609	
11.994017	2.540366	3.793228	380.323181	
12.007883	2.540260	3.785160	380.659332	
12.021684	2.537554	3.830856	381.105591	
12.035350	2.490577	3.902889	381.483673	
12.049283	2.569569	3.889324	381.915070	
12.063150	2.633259	3.889258	382.346863	
12.076817	2.550088	3.883195	382.704132	
12.090550	2.599754	3.887309	383.161530	
12.104417	2.627733	3.895867	383.601379	
12.118083	2.629168	3.933039	383.993195	
12.132017	2.646616	3.932786	384.419952	
12.145884	2.672195	3.936864	384.784546	
12.159750	2.631139	3.952298	385.232361	
12.173417	2.678876	3.959406	385.689117	
12.187083	2.709731	3.928321	386.091125	
12.200950	2.689029	3.944084	386.490234	
12.214684	2.664333	3.988803	386.843658	
12.228416	2.667552	4.006740	387.266815	
12.242283	2.679673	3.972368	387.701447	
12.256150	2.696210	4.007133	388.117676	
12.270017	2.663452	4.031852	388.522400	
12.283684	2.698413	4.014812	388.934509	
12.297417	2.681982	4.043487	389.378479	
12.311283	2.702128	4.029060	389.712860	
12.324950	2.767176	4.049181	390.190674	
12.338750	2.722287	4.060178	390.562744	
12.352616	2.780567	4.052988	391.007202	
12.366484	2.752762	4.056434	391.432770	
12.380150	2.759843	4.078457	391.835510	
12.393817	2.778080	4.087123	392.159882	
12.407683	2.797526	4.108276	392.675354	
12.421350	2.797020	4.100723	393.088623	
12.435217	2.827482	4.166612	393.504395	
12.449150	2.793247	4.199823	393.934937	
12.462816	2.839432	4.169183	394.273193	
12.476483	2.794707	4.160167	394.765167	
12.490350	2.867550	4.169087	395.133301	
12.504084	2.844306	4.184201	395.513489	
12.517950	2.882916	4.205712	395.955170	
12.531883	2.911480	4.175547	396.375000	
12.545550	2.904080	4.208179	396.822083	
12.559283	2.851891	4.231805	397.229401	
12.573150	2.913513	4.239094	397.597046	
12.586817	2.874774	4.269391	398.041656	
12.600550	2.894953	4.293056	398.445190	
12.614417	2.900976	4.226283	398.834625	
12.628284	2.938656	4.248764	399.360504	
12.642016	2.948670	4.287065	399.727234	
12.655684	2.988249	4.278142	400.061096	
12.669550	2.919745	4.319313	400.505463	
12.683217	2.925510	4.321579	400.913177	
12.697083	3.006816	4.371055	401.335175	
12.710950	2.992627	4.300589	401.774963	
12.724617	2.929888	4.322359	402.181458	
12.738417	2.966810	4.340662	402.603394	
12.752283	2.981285	4.394498	403.018066	
12.766017	2.994912	4.398797	403.431183	
12.779817	2.996770	4.417058	403.856476	
12.793683	3.046743	4.378870	404.229370	
12.807550	3.024762	4.418384	404.643860	
12.821283	3.047162	4.433465	405.066559	
12.834950	3.063636	4.436372	405.469849	
12.848817	3.074988	4.488419	405.880127	
12.862483	3.068342	4.504557	406.328217	
12.876217	3.049135	4.531417	406.708252	
12.890083	3.120939	4.511089	407.112915	
12.904016	3.144829	4.564857	407.575226	
12.917684	3.137376	4.560178	407.967316	
12.931417	3.071661	4.576665	408.366791	
12.945283	3.134415	4.609222	408.768890	
12.958950	3.144801	4.553095	409.185577	
12.972683	3.170690	4.597087	409.580139	
12.986550	3.159534	4.613355	410.001434	
13.000484	3.164555	4.599991	410.444946	
13.014350	3.168359	4.612285	410.844177	
13.028017	3.215481	4.612815	411.266724	
13.041750	3.219627	4.623871	411.665497	
13.055616	3.230225	4.619448	412.117950	
13.069616	3.250822	4.669382	412.518372	
13.083283	3.306411	4.680543	412.911926	
13.097150	3.284930	4.649384	413.351624	
13.111016	3.323170	4.726259	413.753235	
13.124884	3.318225	4.685009	414.199219	
13.138817	3.375073	4.697603	414.570526	
13.152483	3.367972	4.685609	414.988251	
13.166217	3.413991	4.701348	415.388672	
13.180083	3.451506	4.717478	415.807495	
13.193817	3.426724	4.733861	416.238190	
13.207617	3.477385	4.816585	416.637665	
13.221483	3.467785	4.750806	417.084198	
13.235350	3.479129	4.844369	417.496979	
13.249084	3.557563	4.849993	417.879944	
13.262750	3.656198	4.839686	418.284393	
13.276617	3.612706	4.823953	418.684082	
13.290350	3.592061	4.871326	419.166656	
13.304150	3.634222	4.867049	419.589539	
13.318017	3.691713	4.867882	419.990723	
13.331883	3.740316	4.891603	420.363647	
13.345550	2.918647	4.788328	420.761139	
13.359283	0.091434	4.848547	421.273712	
13.373150	-0.159875	4.792205	421.617401	
13.386817	-0.524980	4.851432	422.020355	
13.400617	-0.558452	4.858753	422.429932	
13.414483	-0.501812	4.877591	422.829681	
13.428416	-0.531633	4.911037	423.280853	
13.442083	-0.461107	4.874249	423.685974	
13.455750	-0.452182	4.868249	424.091461	
13.469617	-0.445505	4.934815	424.482178	
13.483350	-0.426832	1.934157	424.877502	
13.497017	-0.514244	1.681067	425.312653	
13.510883	-0.472941	0.893027	425.764374	
13.524750	-0.469816	0.693063	426.119385	
13.538484	-0.450250	-0.219606	426.566132	
13.552150	-0.452762	-0.405734	426.962830	
13.566016	-0.419163	-0.294158	427.353455	
13.579683	-0.430956	-0.302067	427.780365	
13.593616	-0.383184	-0.262964	428.206085	
13.607483	-0.390046	-0.217251	428.618622	
13.621150	-0.401413	-0.202757	429.031586	
13.634883	-0.314216	-0.172925	429.460175	
13.648750	-0.250088	-0.195763	429.869080	
13.662416	-0.286400	-0.188968	430.274200	
13.676283	-0.306354	-0.173250	430.695343	
13.690150	-0.296442	-0.216650	431.148804	
13.704083	-0.228511	-0.141903	431.530243	
13.717750	-0.209408	-0.126273	431.942596	
13.731417	-0.227472	-0.100975	432.340424	
13.745283	-0.212574	-0.097033	432.748199	
13.759017	-0.118068	-0.112222	433.114197	
13.772683	-0.135538	-0.100398	433.592316	
13.786550	-0.128493	-0.098049	434.036133	
13.800417	-0.094141	-0.041193	434.431000	
13.814150	-0.125490	-0.031234	434.815582	
13.827884	-0.080754	-0.050059	435.207886	
13.841750	-0.014152	0.001672	435.674286	
13.855416	0.002900	-0.013422	436.033142	
13.869217	-0.007390	-0.048163	436.488342	
13.883083	0.034115	-0.018121	436.885101	
13.896950	-0.010762	-0.036356	437.320465	
13.910617	0.021344	0.026781	437.688293	
13.924350	0.085935	0.018844	438.168335	
13.938283	0.095962	0.007626	438.534973	
13.951950	0.102125	0.061227	438.934845	
13.965683	0.123465	0.028579	439.371429	
13.979550	0.147489	0.027307	439.804962	
13.993417	0.141208	0.021620	440.197571	
14.007350	0.187313	0.085823	440.622131	
14.021017	0.155090	0.119605	441.034729	
14.034683	0.207989	0.163027	441.416931	
14.048616	0.233277	0.151658	441.833618	
14.062284	0.249605	0.174175	442.269043	
14.076083	0.306882	0.146657	442.682190	
14.089950	0.355874	0.278582	443.080597	
14.103884	0.331449	0.264316	443.513947	
14.117550	0.361510	0.269822	443.909210	
14.131217	0.435852	0.262806	444.341675	
14.145083	0.415054	0.326698	444.770111	
14.158816	0.425494	0.328186	445.149933	
14.172483	0.470447	0.342253	445.583527	
14.186417	0.429997	0.300276	445.989594	
14.200283	0.529285	0.368297	446.371521	
14.213950	0.472836	0.391496	446.782867	
14.227683	0.559290	0.402855	447.210114	
14.241616	0.547281	0.435992	447.641785	
14.255283	0.558052	0.433215	448.064117	
14.269083	0.563489	0.428244	448.491150	
14.282950	0.606270	0.432422	448.891998	
14.296884	0.632528	0.493607	449.323883	
14.310550	0.627632	0.473975	449.678925	
14.324217	0.614601	0.507490	450.097321	
14.338150	0.669251	0.563694	450.503082	
14.351817	0.636641	0.563819	450.946838	
14.365617	0.671434	0.573135	451.342041	
14.379483	0.732919	0.567987	451.713898	
14.393350	0.691541	0.606170	452.174774	
14.407084	0.772264	0.589903	452.654053	
14.420750	0.737412	0.621462	453.023468	
14.434617	0.787985	0.663059	453.439209	
14.448350	0.866955	0.806739	453.870514	
14.462083	0.951873	0.945195	454.253906	
14.475950	0.930184	1.010825	454.661743	
14.489817	0.988626	0.983601	455.119720	
14.503484	1.014703	0.995374	455.508850	
14.517217	1.061877	1.032894	455.900391	
14.531083	1.006383	1.041347	456.330933	
14.544817	1.038434	1.020829	456.732758	
14.558617	1.009505	1.054198	457.106079	
14.572483	0.968808	1.062475	457.549957	
14.586350	1.035201	1.083586	457.953308	
14.600017	1.044017	1.086523	458.386475	
14.613750	0.957866	1.087078	458.804169	
14.627617	1.016370	1.128585	459.226685	
14.641350	1.066114	1.057210	459.618073	
14.655084	1.004410	1.094534	460.005615	
14.668950	0.986135	1.140323	460.450378	
14.682817	0.955216	1.143089	460.864929	
14.696484	0.975005	1.145885	461.263885	
14.710150	0.948024	1.154116	461.689362	
14.724083	0.916958	1.157448	462.115845	
14.737750	0.957341	1.196936	462.459167	
14.751616	0.892939	1.210105	462.922272	
14.765483	0.898182	1.249097	463.333099	
14.779350	0.806880	1.237850	463.820496	
14.793016	0.779495	1.302171	464.132111	
14.806750	0.793308	1.308960	464.524628	
14.820617	0.710251	1.255363	464.983429	
14.834550	0.741633	1.319828	465.434174	
14.848217	0.645724	1.336550	465.841125	
14.862017	0.593384	1.368793	466.249359	
14.875883	0.581339	1.394351	466.652954	
14.889750	0.538711	1.425673	467.040985	
14.903417	0.468113	1.457704	467.473541	
14.917150	0.427895	1.437837	467.857330	
14.931084	0.402283	1.452918	468.277313	
14.944817	0.327872	1.532047	468.676605	
14.958550	0.273142	1.518405	469.146027	
14.972484	0.198735	1.544361	469.520996	
14.986350	0.112869	1.535807	469.923370	
15.000016	0.131729	1.574003	470.350494	
15.013683	0.057956	1.603971	470.758423	
15.027617	-0.039146	1.651484	471.202545	
15.041284	-0.027935	1.610201	471.622650	
15.055083	0.002158	1.667298	472.026855	
15.068950	-0.068731	1.629734	472.452026	
15.082817	-0.028881	1.717163	472.859375	
15.097350	-0.029049	1.714675	473.287750	
15.111217	-0.008468	1.692797	473.735565	
15.124884	-0.032391	1.706259	474.142670	
15.138683	-0.025783	1.706409	474.544556	
15.152550	-0.012749	1.723388	474.951416	
15.166284	-0.068311	1.753991	475.378540	
15.180083	-0.084550	1.731549	475.715485	
15.193950	0.015920	1.735487	476.163177	
15.207817	0.019198	1.794591	476.569305	
15.221550	-0.034182	1.786525	477.004364	
15.235283	0.016934	1.789957	477.421265	
15.249150	0.003723	1.760971	477.820465	
15.263083	0.007729	1.843077	478.232574	
15.276750	0.039445	1.846983	478.661896	
15.290483	-0.031813	1.862703	479.056213	
15.304350	0.074267	1.824996	479.460480	
15.410883	-0.022553	1.956294	482.697632	
15.424750	0.009178	1.931088	483.098236	
15.438684	-0.028082	1.945836	483.472473	
15.452350	0.020116	1.940511	483.965027	
15.466084	-0.028693	1.950259	484.357300	
15.479950	0.001599	1.969814	484.772339	
15.493617	0.085258	1.961162	485.163147	
15.507417	0.066716	1.987766	485.586182	
15.521283	0.041900	2.000030	486.025513	
15.535150	0.022490	1.979351	486.425049	
15.548817	0.042532	2.031993	486.830170	
15.562550	0.054449	2.047243	487.258820	
15.576417	0.072000	2.052515	487.655243	
15.590083	0.060095	2.020241	488.059387	
15.603950	0.015373	2.072398	488.494934	
15.617817	0.035616	2.090660	488.857391	
15.631683	0.051344	2.058876	489.296112	
15.645350	0.084718	2.100689	489.686462	
15.659017	0.020765	2.090679	490.098236	
15.672883	0.080394	2.142141	490.523926	
15.686617	0.117177	2.129219	490.962524	
15.700283	0.087115	2.127239	491.360352	
15.714216	0.032302	2.181568	491.786316	
15.728084	0.070305	2.203951	492.144958	
15.742084	0.047593	2.136952	492.626465	
15.755816	0.108681	2.207886	493.005981	
15.769484	0.103976	2.206271	493.404785	
15.783350	0.149240	2.238406	493.860779	
15.797083	0.114445	2.265795	494.272095	
15.810817	0.099305	2.222717	494.677307	
15.824683	0.138424	2.278169	495.116425	
15.838550	0.076947	2.259698	495.537598	
15.852283	0.078475	2.320117	495.904480	
15.866016	0.088730	2.290257	496.308258	
15.880016	0.079505	2.286574	496.743500	
15.893884	0.095644	2.326141	497.179718	
15.907550	0.070207	2.370942	497.608215	
15.921284	0.111500	2.313570	498.013885	
15.935217	0.141793	2.352320	498.449371	
15.949150	0.177313	2.411174	498.852600	
15.962816	0.095621	2.406402	499.231049	
15.976550	0.134769	2.386842	499.575989	
15.990417	0.145819	2.412812	500.060181	
16.004351	0.121287	2.436467	500.514771	
16.018017	0.149208	2.433444	500.906677	
16.031883	0.092408	2.456570	501.301544	
16.045750	0.116499	2.493882	501.758698	
16.059483	0.118277	2.502373	502.082825	
16.073151	0.114012	2.517371	502.556152	
16.087017	0.121300	2.534485	502.965302	
16.100683	0.109557	2.512856	503.393280	
16.114550	0.167822	2.566863	503.768829	
16.128416	0.199168	2.534057	504.221252	
16.142750	0.169057	2.566844	504.610779	
16.156816	0.110048	2.612002	505.035461	
16.170683	0.099796	2.638009	505.413544	
16.184349	0.197003	2.680266	505.850220	
16.198151	0.179231	2.704806	506.274445	
16.212017	0.195380	2.709252	506.626862	
16.225750	0.169294	2.722573	507.100800	
16.239550	0.196979	2.740556	507.569519	
16.253416	0.194140	2.776742	507.936554	
16.267416	0.140601	2.778461	508.376312	
16.281218	0.169697	2.803190	508.766632	
16.296017	0.213906	2.795511	509.230286	
16.309883	0.229478	2.798123	509.637024	
16.323549	0.171893	2.831925	510.072876	
16.337284	0.225051	2.892244	510.419189	
16.351217	0.217231	2.866130	510.850250	
16.364883	0.126646	2.896614	511.259735	
16.378616	0.214979	2.898602	511.678192	
16.392550	0.209579	2.912365	512.127625	
16.406416	0.205143	2.907921	512.491577	
16.420284	0.181855	2.971851	512.910950	
16.434950	0.255488	2.943733	513.345642	
16.448816	0.241288	2.974811	513.784607	
16.462749	0.225949	3.038589	514.204773	
16.476418	0.207187	3.069740	514.639404	
16.490150	0.209904	3.099576	515.033691	
16.504017	0.156419	3.072563	515.499878	
16.517750	0.193127	3.101321	515.874207	
16.531549	0.271718	3.162446	516.271973	
16.545416	0.284297	3.130357	516.714233	
16.560017	0.225178	3.195430	517.116211	
16.573883	0.263144	3.190527	517.554810	
16.587749	0.217008	3.208234	517.966125	
16.601683	0.263247	3.191131	518.362671	
16.615351	0.237122	3.247390	518.778748	
16.629150	0.294185	3.276042	519.186279	
16.643017	0.241356	3.254408	519.652832	
16.656750	0.315676	3.333497	520.064941	
16.670549	0.281230	3.381555	520.431274	
16.684416	0.328768	3.356555	520.868042	
16.698351	0.302427	3.404092	521.326416	
16.713017	0.288847	3.468815	521.724609	
16.726950	0.254958	3.468165	522.096680	
16.740816	0.314128	3.501597	522.547729	
16.754683	0.394835	3.529876	522.983093	
16.768351	0.312601	3.540428	523.412170	
16.782084	0.391184	3.555859	523.805298	
16.795950	0.341001	3.583120	524.255066	
16.809816	0.347512	3.637411	524.550903	
16.823549	0.360129	3.627765	525.033203	
16.837482	0.374704	3.679189	525.458252	
16.852150	0.332314	3.733519	525.890198	
16.866016	0.368142	3.788998	526.318726	
16.879749	0.367007	3.777869	526.701660	
16.893551	0.410157	3.784196	527.145691	
16.907417	0.363056	3.787363	527.537476	
16.921284	0.398566	3.822032	527.994019	
16.934950	0.357881	3.855758	528.380432	
16.948683	0.385061	3.917979	528.765808	
16.962549	0.348774	3.916065	529.213928	
16.976482	0.381476	3.970100	529.602661	
16.991417	0.415131	4.026674	530.068848	
17.005083	0.385128	4.033834	530.443176	
17.018816	0.386442	4.063538	530.878845	
17.032682	0.399257	4.074848	531.330505	
17.046350	0.424099	4.069464	531.720886	
17.060217	0.448418	4.056595	532.135498	
17.074083	0.425552	4.086434	532.531372	
17.087950	0.458714	4.125103	532.949402	
17.101883	0.467461	4.144650	533.447021	
17.116283	0.522656	4.226436	533.834717	
17.131216	0.533605	4.234538	534.267334	
17.144884	0.503155	4.272594	534.709473	
17.158684	0.537016	4.291067	535.095276	
17.172550	0.542589	4.337919	535.542542	
17.186417	0.550704	4.405194	535.951538	
17.200150	0.540771	4.415496	536.368896	
17.213818	0.677045	4.510848	536.792480	
17.227684	0.663580	4.568269	537.185791	
17.241417	0.672301	4.611521	537.661804	
17.255417	0.760757	4.614419	538.009521	
17.269283	0.652965	4.534832	538.389343	
17.283150	0.636345	4.495655	538.842102	
17.297083	0.696426	4.563609	539.276062	
17.310749	0.718232	4.578141	539.703796	
17.324484	0.736371	4.531727	540.103699	
17.338350	0.728886	4.599624	540.494690	
17.352083	0.721125	4.622331	540.932434	
17.365816	0.766725	4.625399	541.319458	
17.379749	0.781267	4.598691	541.749268	
17.393616	0.817816	4.726470	542.136658	
17.408283	0.843229	4.721728	542.594116	
17.422150	0.878150	4.746003	543.019531	
17.436083	0.846770	4.817811	543.425659	
17.449949	0.858725	4.797136	543.805359	
17.463684	0.906038	4.864728	544.242249	
17.477350	0.915169	4.809477	544.712402	
17.491217	0.915812	4.843954	545.081482	
17.504883	0.898784	4.920345	545.491028	
17.518816	0.976291	4.907663	545.938110	
17.533016	0.979059	4.996724	546.383911	
17.546883	0.987301	5.077262	546.792664	
17.560617	1.020425	5.059048	547.175293	
17.574484	1.060863	5.092387	547.589722	
17.588417	1.031284	5.204791	547.997253	
17.602083	1.036485	5.205157	548.388367	
17.615816	1.083526	5.166192	548.842957	
17.629683	1.065258	5.212910	549.262268	
17.643351	1.098102	5.257486	549.643066	
17.657084	1.101780	5.283580	550.043213	
17.671217	1.069033	5.271810	550.532593	
17.686083	1.166782	5.288298	550.943848	
17.700016	1.185621	5.306059	551.329651	
17.713684	1.217149	5.400671	551.766602	
17.727484	1.220813	5.372253	552.175598	
17.741350	1.247964	5.445725	552.606018	
17.755217	1.255448	5.443670	552.966125	
17.768950	1.206572	5.468209	553.377808	
17.782618	1.243989	5.532668	553.813232	
17.796551	1.349517	5.493905	554.209778	
17.810284	1.316710	5.557462	554.635315	
17.825016	1.373500	5.570782	555.163696	
17.838751	1.363412	5.618469	555.513733	
17.852617	1.402501	5.672751	555.906311	
17.866417	1.438218	5.601686	556.374207	
17.880083	1.468983	5.733438	556.816772	
17.893950	1.482447	5.715462	557.220520	
17.907816	1.480695	5.761391	557.612793	
17.921684	1.509570	5.779638	557.965515	
17.935417	1.533239	5.854382	558.441223	
17.949684	1.558512	5.844604	558.854370	
17.963751	1.604354	5.834074	559.265625	
17.977417	1.594107	5.886769	559.662964	
17.991083	1.614991	5.931658	560.065186	
18.005016	1.656936	5.915922	560.470520	
18.018682	1.661305	5.951377	560.916016	
18.032484	1.681360	5.981040	561.315308	
18.046350	1.232761	6.016456	561.732971	
18.060284	-0.164246	5.934911	562.181091	
18.073950	-0.050885	5.951403	562.550903	
18.087950	-0.024473	5.989660	562.981201	
18.101816	-0.038714	6.068226	563.446655	
18.115549	-0.003643	6.047616	563.816895	
18.129417	-0.003139	6.402240	564.212524	
18.143150	0.040839	11.569488	564.671204	
18.156883	0.085017	11.546881	565.098999	
18.170750	0.022100	8.741880	565.450073	
18.184683	0.091545	5.346428	565.875183	
18.198549	0.143863	5.340703	566.280396	
18.212284	0.084236	2.449960	566.725952	
18.226482	0.111573	0.752724	567.117615	
18.241217	0.180399	-1.099651	567.564758	
18.255083	0.223969	-2.188037	567.974976	
18.269016	0.192228	-2.143677	568.442261	
18.282883	0.243470	-2.153627	568.828979	
18.296551	0.244072	-2.151512	569.267944	
18.310284	0.274467	-2.116000	569.666443	
18.324150	0.267507	-2.064699	570.087524	
18.337883	0.331987	-2.024974	570.483154	
18.351816	0.444860	-2.079109	570.907898	
18.365683	0.363924	-2.050272	571.319214	
18.381016	0.383756	-1.988186	571.723022	
18.424749	0.465186	-1.936635	573.110168	
18.478582	0.562590	-1.847626	574.700745	
18.532484	0.616429	-1.766178	576.300476	
18.586483	0.729868	-1.684389	577.950623	
18.640484	0.795014	-1.594769	579.617554	
18.694384	0.919744	-1.510986	581.174133	
18.748383	1.001635	-1.422347	582.739929	
18.802383	1.085821	-1.320153	584.467041	
18.856384	1.192825	-1.275356	586.024902	
18.910383	1.324465	-1.206928	587.644470	
18.964384	1.439734	-1.129925	589.294983	
19.018383	1.528904	-1.056633	590.883179	
19.072384	1.614790	-0.981612	592.510620	
19.126383	1.695730	-0.900489	594.183289	
19.180349	1.811852	-0.835459	595.784180	
19.234350	1.910634	-0.755197	597.372070	
19.288383	1.987826	-0.731755	599.007507	
19.342382	2.087368	-0.623762	600.645203	
19.396383	2.165502	-0.530904	602.261169	
19.450350	2.282638	-0.446263	603.846741	
19.504351	2.047370	-0.387242	605.493225	
19.558451	1.984509	-0.329128	607.071411	
19.612217	0.900819	-0.279861	608.727844	
19.666050	0.434276	-0.189515	610.338257	
19.719917	0.506966	-0.133236	611.938110	
19.773916	0.572190	-0.047205	613.666382	
19.827917	0.671493	0.051459	615.182739	
19.881916	0.744272	0.155594	616.781189	
19.935917	0.822144	0.237030	618.469727	
19.989983	0.935616	0.316426	619.992493	
20.043949	0.999180	0.373814	621.674683	
20.097950	1.076859	0.457722	623.303772	
20.151917	1.145531	0.533754	624.900696	
20.205917	1.244881	0.626377	626.556702	
20.259916	1.309927	0.690283	628.149658	
20.313883	1.362946	0.747558	629.758362	
20.367884	1.474316	0.820571	631.382935	
20.421917	1.544256	0.884625	633.001831	
20.608850	1.726438	1.196698	638.661987	
20.662849	1.816122	1.258204	640.296692	
20.716850	1.912525	1.331666	641.873413	
20.770849	1.956303	1.437424	643.431763	
20.824850	2.030318	1.513614	645.138184	
20.878851	2.086349	1.596482	646.739685	
20.932850	2.161513	1.652185	648.345947	
20.986851	2.210696	1.749981	649.979065	
21.040916	2.281766	1.829561	651.634827	
21.094917	2.313859	1.913349	653.207581	
21.148916	2.407227	1.984489	654.832458	
21.202917	2.487739	2.053560	656.463196	
21.256916	2.549338	2.107860	658.081299	
21.310883	2.593751	2.166681	659.706970	
21.364916	2.658932	2.229634	661.336731	
21.418917	2.753320	2.294816	662.932861	
21.472918	2.819593	2.372293	664.553406	
21.526884	2.871899	2.415418	666.138733	
21.580851	2.924877	2.470650	667.780701	
21.634884	2.996789	2.536153	669.404419	
21.688883	3.054237	2.588547	671.023193	
21.742884	3.144963	2.634200	672.662537	
21.796883	3.203676	2.662548	674.272705	
21.850849	3.287999	2.743056	675.909729	
21.904850	3.340377	2.779456	677.508484	
21.958918	3.422481	2.851188	679.145752	
22.012917	3.481311	2.934922	680.756958	
22.066917	3.535584	3.013192	682.382568	
22.120716	3.624058	3.063289	684.002197	
22.174517	3.668955	3.165698	685.590515	
22.228317	3.736399	3.226965	687.278931	
22.282316	3.794361	3.292841	688.837524	
22.336317	3.874383	3.405908	690.423523	
22.390316	3.912033	3.460362	692.103943	
22.444317	4.012405	3.524386	693.700439	
22.498150	4.027939	3.600197	695.296753	
22.551950	4.110503	3.704563	696.922668	
22.605917	4.181592	3.784412	698.483215	
22.659916	4.214061	3.861628	700.169373	
22.713751	4.320058	3.940252	701.822266	
22.767550	4.364237	4.010528	703.431213	
22.821383	4.381266	4.112698	705.045593	
22.875383	4.512090	4.192221	706.627075	
22.929384	4.565731	4.271842	708.255554	
22.983383	4.601612	4.347609	709.902893	
23.037384	4.689087	4.426806	711.496826	
23.091383	4.732800	4.489108	713.166016	
23.145184	4.798325	4.587102	714.761780	
23.198984	4.851779	4.646071	716.341858	
23.252850	4.940769	4.703954	717.919495	
23.306850	4.997033	4.744789	719.596130	
23.360849	5.000652	4.795358	721.190918	
23.414850	5.034534	4.841114	722.804626	
23.468849	5.079888	4.908319	724.412598	
23.522850	5.125206	4.962126	726.017944	
23.576851	5.184827	5.016518	727.674011	
23.630850	5.226888	5.060228	729.304260	
23.684883	5.274206	5.131312	730.906982	
23.738884	5.269328	5.233007	732.566650	
23.792883	5.317427	5.283834	734.118896	
23.846884	5.386671	5.324521	735.828430	
23.900682	5.439516	5.390159	737.388062	
23.954517	5.448302	5.441092	739.009338	
24.008316	5.502847	5.484896	740.592285	
24.062283	5.551050	5.541682	742.221375	
24.116316	5.599619	5.587247	743.866272	
24.170349	5.619768	5.586362	745.491333	
24.224382	5.659730	5.646076	747.085754	
24.278351	5.694479	5.709357	748.690796	
24.332350	5.732578	5.766426	750.322021	
24.386351	5.811104	5.835817	751.984802	
24.440317	5.867069	5.888295	753.599609	
24.494316	5.908206	5.920417	755.204346	
24.548149	5.946956	5.965794	756.821899	
24.601917	5.977266	6.040389	758.459717	
24.655916	6.032071	6.082541	760.034485	
24.709883	6.064427	6.134632	761.632874	
24.763817	6.097761	6.210914	763.291443	
24.817783	6.165043	6.267180	764.879639	
24.871784	6.213617	6.320953	766.544067	
24.925783	6.294473	6.376109	768.188538	
24.979784	6.324476	6.432891	769.766724	
25.033751	6.359436	6.477925	771.402222	
25.087749	6.410842	6.555027	772.982483	
25.141750	6.424776	6.633944	774.699036	
25.195717	6.484104	6.665057	776.253296	
25.249716	6.529410	6.714757	777.870667	
25.303684	6.573410	6.805393	779.496216	
25.357483	6.613860	6.822510	781.068115	
25.411283	6.673921	6.888404	782.749390	
25.465117	6.697465	6.938662	784.329041	
25.519051	6.736754	6.979046	785.964783	
25.573050	6.758419	7.061075	787.578735	
25.760250	6.843204	7.244039	793.214783	
25.814251	6.853126	7.286620	794.798828	
25.868250	6.921468	7.334013	796.421570	
25.922251	6.891310	7.449199	798.066589	
25.976316	6.915670	7.519797	799.681946	
26.030317	6.939090	7.583281	801.298767	
26.084316	7.002491	7.632220	802.925781	
26.138317	6.974940	7.697994	804.497498	
26.192383	7.016193	7.751443	806.113281	
26.246349	7.023815	7.803680	807.747192	
26.300350	7.014270	7.843529	809.391235	
26.354151	7.064815	7.894227	811.015381	
26.407917	7.106165	7.970134	812.618225	
26.461782	7.134123	7.994704	814.196350	
26.515717	7.179903	8.042716	815.870117	
26.569683	7.191900	8.043304	817.499634	
26.623716	7.251914	8.027421	819.065613	
26.677784	7.284891	8.073919	820.771484	
26.731550	7.273367	8.137881	822.322266	
26.785351	7.347236	8.200290	823.941345	
26.839317	7.366245	8.225240	825.533813	
26.893316	7.375812	8.316145	827.202087	
26.947317	7.401580	8.340652	828.801392	
27.001116	7.402468	8.365405	830.400940	
27.054951	7.429947	8.447686	832.054077	
27.108784	7.472220	8.498101	833.655823	
27.162783	7.515461	8.540936	835.201111	
27.216784	7.518648	8.598791	836.900513	
27.270750	7.509366	8.665773	838.512573	
27.324551	7.545918	8.684534	840.134766	
27.378349	7.579432	8.748400	841.713745	
27.432249	7.604035	8.754940	843.350891	
27.486284	7.624944	8.825478	844.971069	
27.540283	7.617772	8.876072	846.596497	
27.594284	7.638180	8.925159	848.187622	
27.648083	7.656931	8.989246	849.826050	
27.701883	7.675201	9.058288	851.437683	
27.755751	7.683283	9.087563	853.055237	
27.809717	7.698020	9.160875	854.730896	
27.863516	7.707444	9.207523	856.257935	
27.917316	7.710927	9.257574	857.907593	
27.971317	7.768335	9.307858	859.529541	
28.025316	7.721264	9.401832	861.143066	
28.079317	7.734743	9.430389	862.809204	
28.133316	7.753862	9.530430	864.345337	
28.187317	7.769025	9.564734	865.974426	
28.241316	7.746925	9.638484	867.648682	
28.295317	7.432280	9.707861	869.257507	
28.349318	4.276749	9.754060	870.876282	
28.403351	0.215006	9.792286	872.478760	
28.457350	-2.376404	9.437621	874.098145	
28.511351	-2.519783	6.326609	875.733948	
28.565384	-2.594669	4.429357	877.328857	
28.619383	-2.601920	2.272958	878.989136	
28.673384	-2.640195	0.331116	880.618286	
28.727350	-2.672909	-1.582176	882.225098	
28.781349	-2.714543	-2.016789	883.808594	
28.835350	-2.765039	-1.923625	885.452087	
28.889351	-2.778957	-1.833408	887.052917	
28.943350	-2.763399	-1.771444	888.644104	
28.997316	-2.846872	-1.651489	890.321533	
29.051350	-2.850843	-1.550472	891.911621	
29.105350	-2.897463	-1.460677	893.534607	
29.159349	-2.959100	-1.356992	895.215698	
29.213316	-2.990516	-1.256134	896.776306	
29.267317	-3.024464	-1.161126	898.371948	
29.321283	-3.079125	-1.098919	899.998901	
29.375317	-3.068994	-1.031946	901.667114	
29.429317	-3.102772	-0.931101	903.215149	
29.483316	-3.136584	-0.856005	904.853760	
29.537317	-3.144410	-0.742289	906.448425	
29.591284	-3.127525	-0.645245	908.115540	
29.645250	-3.104779	-0.577333	909.745422	
29.699249	-3.107625	-0.517278	911.380005	
29.753250	-3.107991	-0.514845	912.980347	
29.807249	-3.159163	-0.487532	914.590088	
29.861349	-3.148809	-0.471818	916.193237	
29.915350	-3.161045	-0.405970	917.868774	
29.969316	-3.215920	-0.375253	919.449768	
30.023317	-3.257994	-0.302224	921.062012	
30.077316	-3.257711	-0.274687	922.691162	
30.131283	-3.277475	-0.242900	924.294617	
30.185316	-3.294623	-0.187570	925.979919	
30.239317	-3.327873	-0.128175	927.564697	
30.293283	-3.389617	-0.047798	929.206848	
30.347282	-3.405429	0.029199	930.775818	
30.401283	-3.431448	0.116411	932.410583	
30.455250	-3.478208	0.222748	934.010010	
30.509251	-3.464818	0.337241	935.654785	
30.563250	-3.533831	0.387888	937.274414	
30.617250	-3.572323	0.484494	938.874268	
30.671249	-3.575598	0.566463	940.493225	
30.725283	-3.647707	0.665905	942.121155	
30.912050	-3.858614	0.841121	947.706604	
30.966049	-3.881541	0.921019	949.324646	
31.020050	-3.982107	0.983422	950.951416	
31.074051	-4.083453	1.039885	952.588867	
31.127850	-4.159394	1.138636	954.223450	
31.181650	-4.255995	1.231349	955.822693	
31.235451	-4.338244	1.277156	957.438965	
31.289450	-4.439461	1.346629	959.032104	
31.343416	-4.534740	1.405672	960.655212	
31.397449	-4.636215	1.492702	962.280396	
31.451450	-4.760741	1.555234	963.911926	
31.505283	-4.829597	1.630713	965.593445	
31.559084	-4.922004	1.698192	967.150696	
31.612949	-5.002966	1.778272	968.774109	
31.666950	-5.153531	1.838564	970.395874	
31.721016	-5.257824	1.949063	971.958862	
31.775017	-5.401092	2.074626	973.622192	
31.829016	-5.530557	2.171140	975.211304	
31.882984	-5.677564	2.299451	976.871216	
31.936817	-5.796666	2.429238	978.521240	
31.990650	-5.911240	2.552601	980.117798	
32.044449	-6.064979	2.666982	981.698181	
32.098484	-6.269629	2.771782	983.322815	
32.152485	-6.404554	2.852373	984.946960	
32.206551	-6.633480	2.925395	986.590942	
32.260384	-6.836969	3.029100	988.072571	
32.314350	-7.062314	3.090128	989.802307	
32.368351	-7.283204	3.195767	991.364807	
32.422318	-7.513714	3.269728	993.071411	
32.476318	-7.732961	3.334471	994.655029	
32.530350	-7.951453	3.491572	996.278931	
32.584351	-8.196134	3.621509	997.860596	
32.638351	-8.386832	3.682972	998.943909	
32.692383	-8.495267	3.618750	999.309448	
32.746349	-8.619169	3.580243	999.440063	
32.800350	-8.712719	3.592815	999.468506	
32.854351	-8.780443	3.580282	999.548889	
32.908318	-8.863539	3.603744	999.606995	
32.962349	-8.946787	3.606642	999.599670	
33.016350	-9.026258	3.647302	999.619690	
33.070351	-9.101079	3.673368	999.688354	
33.124382	-9.096038	3.685436	999.720215	
33.178383	-8.984196	3.708458	999.698181	
33.232384	-8.888751	3.818902	999.697144	
33.286182	-8.779932	3.891611	999.751099	
33.339985	-8.579720	4.008560	999.795227	
33.393917	-8.586286	4.116871	999.795776	
33.447918	-8.556829	4.127045	999.783813	
33.501915	-8.529530	4.162744	999.835022	
33.555950	-8.560345	4.228244	999.812317	
33.609951	-8.571716	4.276313	999.854919	
33.663918	-8.575771	4.323113	999.850220	
33.717949	-8.605158	4.369538	999.868713	
33.771950	-8.668156	4.351431	999.844666	
33.825916	-8.676851	4.412247	999.849426	
33.879917	-8.734238	4.424281	999.892944	
33.933918	-8.762554	4.427764	999.931885	
33.987949	-8.751824	4.470163	999.903442	
34.041950	-8.795308	4.426542	999.914978	
34.095951	-8.806850	4.415245	999.910950	
34.149948	-8.876911	4.447934	999.939453	
34.203751	-8.876200	4.457374	999.942139	
34.257549	-8.930437	4.480417	999.910034	
34.311417	-8.975181	4.519521	999.930725	
34.365383	-8.991922	4.573617	999.928894	
34.419216	-9.047995	4.588512	999.935852	
34.473049	-9.041956	4.632651	999.966736	
34.526882	-9.077442	4.654906	999.968628	
34.580917	-9.078721	4.669298	999.918030	
34.634918	-9.144997	4.702766	999.977295	
34.688915	-9.114374	4.691227	999.983826	
34.742916	-9.104534	4.707705	999.948669	
34.796749	-9.183946	4.716738	1000.023132	
34.850552	-9.185359	4.729867	999.976624	
34.904385	-9.208297	4.728858	999.987976	
34.958317	-9.223258	4.726230	999.998718	
35.012318	-9.231380	4.731348	999.960815	
35.066319	-9.272878	4.721549	999.970337	
35.120316	-9.254200	4.769819	999.973511	
35.174316	-9.266219	4.761407	1000.003723	
35.228283	-9.281121	4.716104	1000.010315	
35.282284	-9.309833	4.740405	999.967102	
35.336285	-9.307323	4.755724	999.963867	
35.390282	-9.345281	4.799322	999.968872	
35.444283	-9.356131	4.768475	999.990540	
35.498417	-9.383269	4.774646	999.979370	
35.552418	-9.409116	4.805526	999.987244	
35.606415	-9.402814	4.841707	1000.006104	
35.660416	-9.426555	4.822542	999.954407	
35.714417	-9.451045	4.792576	999.969177	
35.768417	-9.433538	4.821860	999.985107	
35.822418	-9.426788	4.812699	999.989502	
35.876450	-9.431739	4.843316	1000.008667	
36.063519	-9.540324	4.852523	999.978455	
36.117516	-9.524549	4.793964	999.981079	
36.171516	-9.519911	4.845300	999.979309	
36.225517	-9.533132	4.838916	999.995422	
36.279549	-9.566247	4.862400	999.983093	
36.333549	-9.574340	4.850294	1000.039124	
36.387585	-9.565991	4.870797	1000.026733	
36.441383	-9.577049	4.866597	999.975342	
36.495216	-9.617942	4.889261	1000.041687	
36.549049	-9.628353	4.877734	1000.002625	
36.603016	-9.627314	4.860163	1000.033020	
36.656982	-9.633928	4.889154	999.968872	
36.710815	-9.653762	4.858138	999.979248	
36.764648	-9.598977	4.853126	999.996094	
36.818584	-9.654103	4.873891	1000.065674	
36.872482	-9.662333	4.903589	1000.023438	
36.926517	-9.690546	4.848157	999.989014	
36.980484	-9.693004	4.850013	999.994690	
37.034485	-9.696070	4.910651	999.994568	
37.088451	-9.726736	4.884952	999.986145	
37.142448	-9.742031	4.840799	999.963684	
37.196449	-9.724943	4.900256	999.978821	
37.250450	-9.759807	4.905119	1000.017212	
37.304451	-9.739946	4.882485	1000.009460	
37.358452	-9.772608	4.879284	1000.039978	
37.412449	-9.770915	4.929158	999.980652	
37.466518	-9.745675	4.914817	1000.008057	
37.520515	-9.764050	4.896945	999.986206	
37.574516	-9.796924	4.879597	1000.019836	
37.628483	-9.793337	4.911638	999.987915	
37.682518	-9.814838	4.869229	1000.012390	
37.736515	-9.847320	4.901336	1000.006714	
37.790318	-9.851582	4.860080	999.947937	
37.844116	-9.872028	4.893645	999.990906	
37.897949	-9.863610	4.883738	999.984497	
37.951916	-9.857162	4.900130	999.997803	
38.005981	-9.876845	4.902269	1000.018921	
38.059982	-9.844874	4.894737	999.978333	
38.113983	-9.887577	4.922758	999.999084	
38.167782	-9.924284	4.914109	999.984192	
38.221584	-9.921383	4.925087	999.991455	
38.275551	-9.947337	4.912173	999.952942	
38.329552	-9.912648	4.928430	1000.014343	
38.383518	-9.952619	4.922950	1000.002930	
38.437515	-9.962385	4.873039	999.997986	
38.491516	-9.931634	4.916616	1000.020996	
38.545315	-9.995054	4.907931	999.965149	
38.599117	-9.984407	4.910875	999.975403	
38.652985	-9.960384	4.926204	999.979614	
38.706951	-9.950846	4.903625	1000.023560	
38.760784	-9.974317	4.936044	999.978943	
38.814583	-10.000777	4.913311	999.979614	
38.868515	-10.025055	4.948413	999.992126	
38.922451	-10.025104	4.928644	999.986633	
38.976452	-10.025327	4.895928	999.995300	
39.030418	-10.051168	4.911459	1000.000122	
39.084450	-10.040783	4.909427	1000.031982	
39.138451	-10.036812	4.884842	1000.006775	
39.192417	-10.036429	4.929115	999.972046	
39.246449	-10.054590	4.929939	999.997803	
39.300415	-10.069684	4.907747	1000.003601	
39.354416	-10.091501	4.913822	1000.001587	
39.408417	-10.057920	4.922299	999.995605	
39.462448	-10.080078	4.929186	999.966980	
39.516449	-10.099154	4.876500	1000.036682	
39.570450	-10.091994	4.918312	999.976379	
39.624451	-10.103770	4.920471	999.976318	
39.678452	-10.099707	4.933969	999.970459	
39.732449	-10.076243	4.929911	1000.027649	
39.786484	-10.116546	4.876442	1000.012451	
39.840485	-10.127590	4.927361	1000.014038	
39.894482	-10.089521	4.917706	1000.019409	
39.948284	-10.118664	4.933518	999.997803	
40.002083	-10.142342	4.929726	999.979431	
40.055916	-10.144374	4.921545	1000.004089	
40.109917	-10.158001	4.899343	999.976685	
40.163918	-10.156105	4.920861	999.980164	
40.217918	-10.172907	4.910869	999.998230	
40.271717	-10.152906	4.893425	999.973511	
40.325516	-10.193122	4.923066	1000.014771	
40.379517	-10.201744	4.940516	999.974243	
40.433483	-10.216390	4.904055	999.990417	
40.487450	-10.183757	4.935454	1000.025757	
40.541451	-10.229296	4.933806	1000.023865	
40.595249	-10.227954	4.911616	999.997986	
40.649052	-10.185482	4.931083	999.998718	
40.702915	-10.221916	4.913417	999.961365	
40.756851	-10.255919	4.938375	999.998596	
40.810848	-10.204798	4.924165	999.984314	
40.864651	-10.249158	4.963660	1000.005920	
40.918449	-10.252602	4.940425	999.974121	
40.972450	-10.254438	4.935700	999.993225	