Parameters vs. Time
Time (min.)	AlignX	AlignY	Temperature(C)	Intensity
0.168650	0.055722	0.034777	24.230083	1.763376	
0.222650	0.075810	0.071445	24.470015	1.763078	
0.276650	0.129533	0.120368	24.936522	1.763071	
0.330683	0.150902	0.176380	25.547106	1.762908	
0.384683	0.198357	0.223394	26.204191	1.762354	
0.438650	0.225291	0.253630	27.070894	1.761867	
0.492683	0.318453	0.338006	27.896122	1.761305	
0.546683	0.364739	0.382074	28.939735	1.760496	
0.600717	0.406184	0.437820	29.972517	1.760503	
0.655050	0.449340	0.512239	30.925528	1.759903	
0.709050	0.532319	0.575474	31.957907	1.759473	
0.763083	0.573416	0.663269	33.015358	1.758276	
0.817117	0.626046	0.719841	34.081764	1.757797	
0.871117	0.668198	0.770386	35.109859	1.757768	
0.925117	0.737641	0.831246	36.167328	1.756900	
0.979283	0.750785	0.865925	37.186687	1.757100	
1.033317	0.817259	0.960300	38.183765	1.755983	
1.087350	0.873921	1.013268	39.223019	1.755708	
1.141350	0.923269	1.046510	40.204250	1.754697	
1.195383	0.930421	1.173331	41.211784	1.753392	
1.249317	1.010043	1.161130	42.156914	1.753549	
1.303150	1.049896	1.172984	43.170231	1.754000	
1.356983	1.076750	1.235687	44.135120	1.752253	
1.410817	1.108963	1.362857	45.100536	1.752518	
1.464817	1.174353	1.399025	45.990314	1.751587	
1.518817	1.172244	1.457054	46.989357	1.751151	
1.572750	1.260209	1.517346	47.945610	1.749924	
1.626750	1.297863	1.540234	48.932262	1.748972	
1.680783	1.323533	1.610310	49.818436	1.749269	
1.734850	1.311539	1.655405	50.760582	1.748291	
1.788850	1.355206	1.788146	51.660793	1.748561	
1.842883	1.421521	1.855840	52.580837	1.746734	
1.896917	1.464155	1.817937	53.464302	1.747118	
1.950917	1.489309	1.946620	54.398842	1.746895	
2.004917	1.554605	2.020380	55.309566	1.743899	
2.058950	1.615990	2.010409	56.289196	1.744032	
2.112750	1.629022	2.057422	57.070560	1.743185	
2.166550	1.688742	2.070783	58.017212	1.742219	
2.220583	1.731811	2.128185	58.985138	1.743333	
2.274450	1.739938	2.185029	59.906254	1.740987	
2.328483	1.807074	2.338552	60.727100	1.739241	
2.382483	1.878909	2.391929	61.625458	1.737463	
2.436483	1.928728	2.393626	62.538570	1.737039	
2.490517	1.924738	2.497327	63.464241	1.737104	
2.544317	1.963020	2.417073	64.341339	1.737617	
2.598150	1.996309	2.621228	65.262085	1.736224	
2.651950	2.030562	2.545128	66.125374	1.734880	
2.705883	2.119324	2.658708	67.038811	1.734646	
2.759883	2.122062	2.744314	67.882477	1.732345	
2.813883	2.133400	2.811281	68.773300	1.733353	
2.867917	2.202299	2.926809	69.669220	1.732013	
2.921750	2.232889	2.937830	70.565125	1.729393	
2.975650	2.260614	3.041495	71.501328	1.730080	
3.029450	2.303578	3.113245	72.386284	1.726492	
3.083450	2.361548	3.135060	73.239403	1.726879	
3.137483	2.415659	3.302294	74.112999	1.722192	
3.191483	2.383075	3.248811	75.021248	1.724907	
3.245317	2.455749	3.288842	75.888748	1.725888	
3.299117	2.519385	3.279716	76.745644	1.724196	
3.352950	2.530213	3.335970	77.652122	1.726254	
3.406983	2.604599	3.411024	78.501015	1.720910	
3.460917	2.570421	3.472817	79.431107	1.722105	
3.514917	2.678301	3.467576	80.302872	1.721635	
3.568917	2.713327	3.646013	81.207237	1.720983	
3.622917	2.719548	3.717399	82.063057	1.718964	
3.676717	2.693338	3.725721	82.892136	1.720865	
3.730517	2.785100	3.771275	83.867874	1.716589	
3.784483	2.845131	3.847070	84.671761	1.714060	
3.838483	2.824518	3.902732	85.595604	1.711034	
3.892650	2.832524	4.048925	86.530319	1.711564	
3.946683	2.846744	3.953663	87.424606	1.715451	
4.000650	2.870649	4.038306	88.341301	1.711171	
4.054683	2.969831	4.130563	89.189613	1.709898	
4.108716	2.984632	4.290854	90.045036	1.706046	
4.162717	3.037957	4.237980	90.931007	1.706198	
4.216750	2.996313	4.300763	91.818771	1.708384	
4.270750	3.078752	4.327432	92.705864	1.707519	
4.324750	3.104873	4.376314	93.597641	1.705961	
4.378783	3.141671	4.439218	94.424721	1.704358	
4.432750	3.197668	4.558759	95.313011	1.701810	
4.486784	3.230107	4.614354	96.206322	1.699553	
4.540783	3.215700	4.706212	97.063377	1.699240	
4.594817	3.265283	4.654769	98.035027	1.697684	
4.648850	3.274137	4.790452	98.843399	1.695601	
4.702850	3.267042	4.900918	99.708374	1.701277	
4.756883	3.290687	4.907964	100.602776	1.697847	
4.810884	3.325773	4.966279	101.484734	1.698111	
4.864883	3.380474	5.022320	102.331062	1.694363	
4.918917	3.503033	5.228827	103.296661	1.683561	
4.972917	3.494221	5.329154	104.223747	1.685747	
5.026917	3.481516	5.223455	105.045486	1.689157	
5.080917	3.442616	5.365416	105.949463	1.687794	
5.135016	3.517323	5.492934	106.859337	1.682387	
5.276717	3.557216	5.589350	109.152328	1.685547	
5.330750	3.593243	5.656359	110.037560	1.677499	
5.384750	3.552094	5.738435	110.977753	1.672969	
5.438717	3.531132	5.810585	111.831009	1.679734	
5.492750	3.493809	5.988525	112.689804	1.673142	
5.546550	3.425098	5.922124	113.543694	1.680549	
5.600383	3.480362	6.159256	114.414841	1.668961	
5.654183	3.538761	6.202767	115.379860	1.671596	
5.708217	3.496508	6.289828	116.251228	1.669505	
5.762183	3.494138	6.342586	117.109062	1.670774	
5.816216	3.451366	6.410291	117.998642	1.668203	
5.870217	3.460431	6.678271	118.872459	1.656693	
5.924183	3.466489	6.517132	119.755112	1.663525	
5.978217	3.351096	6.749348	120.671120	1.660492	
6.032217	3.408132	6.794430	121.513947	1.657340	
6.086184	3.296278	6.862760	122.419785	1.660968	
6.140117	3.282573	6.944064	123.290543	1.661950	
6.194150	3.315186	7.015300	124.171341	1.657690	
6.248183	3.184585	7.108799	125.060982	1.653154	
6.302017	3.235582	7.221292	126.030792	1.646627	
6.355850	3.176039	7.521441	126.856117	1.637720	
6.409683	2.990218	7.311938	127.785400	1.656181	
6.463717	3.016400	7.527843	128.625549	1.645034	
6.517717	3.015265	7.819938	129.498383	1.633075	
6.571717	2.953166	7.694736	130.429810	1.641578	
6.625750	2.816778	7.835588	131.268845	1.639940	
6.679783	2.897280	7.933538	132.141800	1.638752	
6.733783	2.744074	8.035802	132.992554	1.636827	
6.787817	2.580392	8.133014	133.929657	1.633427	
6.841850	2.548647	8.184234	134.807037	1.635921	
6.895850	2.433834	8.433027	135.714905	1.626442	
6.949850	2.510885	8.360610	136.600159	1.630093	
7.003850	2.367698	8.391453	137.446442	1.630355	
7.057883	2.325794	8.555012	138.331894	1.626220	
7.111883	2.209024	8.633175	139.206451	1.625560	
7.165717	2.200787	8.914956	140.081436	1.614272	
7.219550	2.039550	8.897286	140.974304	1.618543	
7.273417	1.874808	9.010280	141.869751	1.617412	
7.327250	1.650563	9.134791	142.763092	1.619618	
7.381250	1.668921	9.325029	143.632370	1.607509	
7.435250	1.478151	9.358406	144.528824	1.609136	
7.489250	1.363563	9.547530	145.431198	1.601128	
7.543250	1.190382	9.713137	146.272919	1.598278	
7.597250	0.964749	9.793339	147.156128	1.600910	
7.651283	0.835735	9.961301	148.018997	1.595773	
7.705317	0.623521	9.999566	148.908539	1.598519	
7.759383	0.508371	10.096009	149.807648	1.585221	
7.813383	0.328468	10.493041	150.651917	1.579274	
7.867417	0.106790	10.437359	151.445663	1.586554	
7.921450	-0.066788	10.653269	152.464386	1.580859	
7.975450	-0.198251	10.896886	153.305862	1.564903	
8.029516	-0.386392	10.862088	154.191452	1.566207	
8.083517	-0.744722	11.014924	155.098480	1.566886	
8.137550	-0.803645	11.434118	156.019623	1.543581	
8.191584	-1.188936	11.342879	157.005890	1.557166	
8.245584	-1.329518	11.786753	157.799438	1.531808	
8.299617	-1.661945	11.790830	158.743332	1.530245	
8.353450	-1.905053	12.059002	159.602432	1.522856	
8.407284	-2.143423	12.260205	160.477142	1.512700	
8.461150	-2.475159	12.616873	161.417480	1.498027	
8.515183	-2.729866	12.740712	162.200134	1.494725	
8.569217	-3.164426	12.871115	163.131485	1.485025	
8.623217	-3.565149	12.978562	163.952118	1.482194	
8.677250	-3.795890	13.276155	164.782074	1.468556	
8.731250	-4.036986	13.587345	165.760239	1.449660	
8.785283	-4.441558	13.806521	166.576233	1.438017	
8.839316	-4.727307	13.474733	167.545761	1.450536	
8.893316	-5.424830	12.464587	168.499039	1.483115	
8.947284	-6.057809	10.419663	169.234390	1.561979	
9.001317	-5.971807	10.396811	170.156082	1.566195	
9.055317	-6.076468	10.620978	171.023499	1.553588	
9.109150	-5.859734	10.936416	171.908966	1.548814	
9.162983	-5.832866	11.014241	172.767090	1.540524	
9.216817	-5.750271	11.082723	173.695541	1.541828	
9.270717	-5.711057	11.532645	174.519012	1.524585	
9.324717	-5.727376	11.411955	175.365036	1.526119	
9.378583	-5.514616	11.618194	176.253860	1.523800	
9.432384	-5.435777	11.801040	177.120941	1.514970	
9.486350	-5.585869	11.746563	178.013245	1.521134	
9.540250	-5.413605	12.021676	178.903702	1.507309	
9.594250	-5.250332	12.074939	179.826111	1.505599	
9.648283	-5.216829	12.233559	180.736649	1.503665	
9.702316	-5.219737	12.545062	181.580673	1.490295	
9.756317	-5.140782	12.680911	182.385330	1.484878	
9.810416	-5.014805	12.684073	183.282059	1.484265	
9.864450	-4.954026	12.910139	184.207352	1.474142	
9.918450	-4.903661	12.831316	185.068649	1.481843	
9.972450	-4.867796	12.955071	186.003448	1.475050	
10.026317	-4.685544	13.211974	186.923004	1.463880	
10.080116	-4.546364	13.086518	187.733063	1.474553	
10.133984	-4.564225	13.375008	188.640030	1.456820	
10.187917	-4.572431	13.412590	189.449463	1.455134	
10.241850	-4.339452	13.401896	190.263504	1.458423	
10.383917	-4.050213	13.922518	192.686554	1.437202	
10.437917	-3.984656	13.778111	193.550613	1.443392	
10.491917	-3.870422	13.954370	194.372665	1.435615	
10.545983	-3.776889	13.862270	195.339584	1.440586	
10.599983	-3.891524	14.065683	196.247330	1.434125	
10.654016	-3.584811	14.274487	197.123932	1.423295	
10.708016	-3.531083	14.407966	198.020050	1.417728	
10.762050	-3.394421	14.293862	198.900406	1.426461	
10.816050	-3.265222	14.394976	199.753769	1.422792	
10.870050	-3.123586	14.359539	200.609344	1.420674	
10.924084	-3.018129	14.552999	201.511322	1.411268	
10.978084	-2.952272	14.615781	202.410583	1.411512	
11.032117	-2.875193	14.776715	203.237259	1.406511	
11.086150	-2.858032	14.539062	204.153152	1.416045	
11.140117	-2.678545	14.763471	205.047256	1.405452	
11.194117	-2.592304	14.630775	205.907730	1.411525	
11.248116	-2.389121	14.500086	206.829742	1.417877	
11.301917	-2.165652	14.631824	207.654358	1.414271	
11.355717	-2.165720	15.023247	208.646729	1.394285	
11.409550	-2.155792	14.992749	209.447662	1.394707	
11.463550	-1.986394	15.062291	210.352097	1.392279	
11.517550	-1.880402	14.964164	211.226669	1.396877	
11.571550	-1.840352	14.970531	212.064911	1.393203	
11.625584	-1.804301	15.457167	212.901581	1.371945	
11.679584	-1.643992	15.189579	213.892548	1.383251	
11.733583	-1.493998	15.298593	214.738647	1.383410	
11.787617	-1.446196	15.198910	215.706665	1.388248	
11.841617	-1.287363	15.253683	216.552399	1.384237	
11.895617	-1.185580	14.956224	217.329163	1.391982	
11.949616	-1.273447	15.186444	218.242416	1.386274	
12.003650	-1.123567	15.532090	219.184021	1.370908	
12.057683	-1.172107	15.547609	220.033066	1.369662	
12.111484	-1.006240	15.925439	220.890045	1.350886	
12.165283	-0.884166	15.592522	221.748001	1.364578	
12.219216	-0.812042	15.674155	222.646027	1.359239	
12.273216	-0.789125	15.696136	223.616135	1.360716	
12.327250	-0.700938	15.737154	224.408173	1.357019	
12.381217	-0.697360	15.925818	225.276154	1.347999	
12.435217	-0.635049	15.650672	226.211243	1.364233	
12.489250	-0.552219	15.715979	227.058136	1.355386	
12.543050	-0.478449	15.953629	227.933853	1.347212	
12.596884	-0.372285	15.875710	228.806610	1.348447	
12.650717	-0.292310	15.966225	229.663544	1.340814	
12.704717	-0.315400	15.744780	230.577560	1.357812	
12.758683	-0.234520	16.134748	231.426788	1.335828	
12.812583	-0.195095	15.824733	232.431366	1.352873	
12.866650	-0.147694	16.347481	233.241394	1.323121	
12.920484	-0.058430	16.059097	234.173965	1.339495	
12.974317	0.045687	15.800689	235.065674	1.351745	
13.028250	0.037511	16.125526	235.854248	1.331731	
13.082150	0.089648	15.849433	236.645355	1.348673	
13.136184	0.188521	15.942834	237.655060	1.342293	
13.190184	0.274184	16.169714	238.534760	1.331211	
13.244184	0.259284	16.033325	239.421692	1.338806	
13.298183	0.321130	16.355928	240.300064	1.324491	
13.352183	0.442320	16.112339	241.167542	1.333498	
13.406183	0.440441	16.200169	242.009277	1.330617	
13.460217	0.553481	16.239603	242.972565	1.329723	
13.514216	0.576217	16.213047	243.755203	1.333919	
13.568017	0.457260	16.034449	244.671173	1.336444	
13.621817	0.611773	16.088840	245.598160	1.335060	
13.675683	0.712971	16.470137	246.505386	1.319468	
13.729650	0.624812	16.341640	247.295502	1.320357	
13.783650	0.692716	16.160143	248.163788	1.332030	
13.837584	0.885651	16.187643	249.034851	1.330066	
13.891617	0.776367	16.385221	249.942902	1.319722	
13.945617	0.954076	16.299335	250.825378	1.328170	
13.999450	0.952094	16.369312	251.718018	1.317911	
14.053250	1.039332	16.421661	252.575623	1.315475	
14.107183	1.034832	16.408117	253.474228	1.317875	
14.161183	0.929246	16.503620	254.372467	1.313696	
14.215217	1.095439	16.574707	255.255219	1.306859	
14.269217	1.145512	16.623909	256.171661	1.307619	
14.323250	1.170032	16.624613	257.099030	1.306404	
14.377216	1.166202	16.366508	257.934082	1.319112	
14.431250	1.241902	16.682014	258.874268	1.305551	
14.485250	1.327563	16.722872	259.678223	1.297759	
14.539284	1.343065	16.251598	260.575043	1.326918	
14.593317	1.350499	16.444395	261.402008	1.315147	
14.647284	1.469491	16.445204	262.355438	1.315035	
14.701250	1.448423	16.605680	263.255890	1.310440	
14.755283	1.476954	16.675869	264.070770	1.306650	
14.809283	1.592734	16.533089	265.032684	1.310722	
14.863317	1.613777	16.805723	265.867554	1.297794	
14.917383	1.509987	16.667503	266.678528	1.304354	
14.971383	1.770513	16.754385	267.620636	1.297967	
15.025383	1.619516	16.633055	268.541534	1.308104	
15.079383	1.649371	16.855341	269.396606	1.290274	
15.133417	1.948966	16.805063	270.304596	1.292125	
15.187450	1.817417	16.872322	271.105957	1.288115	
15.241450	1.883303	17.053064	272.071777	1.281130	
15.295450	1.905853	17.095924	272.961182	1.279388	
15.349483	1.904952	16.893641	273.815826	1.293537	
15.491217	1.976220	16.918077	276.075897	1.286727	
15.545217	2.085079	16.919107	277.016022	1.288838	
15.599216	1.992870	16.795702	277.841644	1.292874	
15.653216	2.100786	16.812096	278.729858	1.293084	
15.707216	2.224603	16.678085	279.656097	1.299139	
15.761250	2.329418	16.945526	280.586456	1.284374	
15.815250	2.344846	17.172314	281.399353	1.271825	
15.869250	2.262830	17.082632	282.282928	1.275174	
15.923284	2.375816	16.745184	283.132782	1.291843	
15.977283	2.238517	16.967533	283.926208	1.288789	
16.031317	2.441283	17.121283	284.963715	1.275704	
16.085318	2.437452	17.302048	285.761505	1.259144	
16.139151	2.399413	16.961191	286.628143	1.284594	
16.192984	2.428622	16.895065	287.518524	1.286156	
16.246784	2.436590	16.868353	288.315308	1.294382	
16.300684	2.427703	16.775827	289.144806	1.292673	
16.354683	2.582687	16.711924	290.021149	1.296589	
16.408684	2.539521	17.003687	290.946228	1.280941	
16.462717	2.530146	16.989437	291.882355	1.283024	
16.516716	2.716225	17.043310	292.648621	1.275238	
16.570717	2.649482	16.832758	293.641815	1.292875	
16.624550	2.778145	16.817764	294.581299	1.292002	
16.678383	2.801936	16.851904	295.350159	1.290551	
16.732349	2.821033	17.078693	296.289520	1.278799	
16.786316	2.715423	17.134254	297.185120	1.280271	
16.840317	2.874487	17.097704	298.066467	1.275934	
16.894316	2.864587	17.296721	299.033478	1.260589	
16.948317	2.809102	16.872257	299.841034	1.292543	
17.002350	2.964172	17.078905	300.732208	1.275016	
17.056351	2.913525	17.200253	301.714020	1.269551	
17.110350	3.064581	16.984465	302.572327	1.283330	
17.164351	3.037550	17.127800	303.399689	1.270175	
17.218384	3.192064	17.446833	304.331818	1.248482	
17.272383	3.135660	17.550293	305.280029	1.245750	
17.326384	3.108131	16.979525	306.064606	1.284352	
17.380417	3.170805	17.169401	306.947235	1.268259	
17.434416	3.136861	16.976086	307.816742	1.280715	
17.488417	3.236280	17.277111	308.689575	1.261042	
17.542450	3.201715	17.052513	309.503021	1.277510	
17.596451	3.245543	17.313194	310.361389	1.265341	
17.650450	3.119368	17.235989	311.296234	1.267280	
17.704250	3.422020	17.332912	312.322968	1.258011	
17.758083	3.391004	17.388969	313.081451	1.250402	
17.811916	3.376957	17.220884	314.015747	1.265727	
17.865917	3.221671	17.313396	314.816498	1.265288	
17.919884	3.275571	17.111393	315.753937	1.273753	
17.973883	3.463263	17.325518	316.644196	1.259972	
18.027884	3.363682	17.396471	317.555756	1.254358	
18.081917	3.477622	17.175268	318.432648	1.270492	
18.135916	3.468746	17.352728	319.164001	1.264575	
18.189884	3.395813	17.073868	320.083588	1.278898	
18.243883	3.690115	17.302063	320.953400	1.261419	
18.297884	3.629566	17.067244	321.899719	1.278408	
18.351883	3.521318	17.247652	322.785248	1.267834	
18.405884	3.782709	17.333712	323.551544	1.253426	
18.459883	3.590083	17.491936	324.363190	1.255932	
18.513916	3.681651	17.346874	325.411163	1.260046	
18.567917	3.632678	17.226856	326.256470	1.270010	
18.621950	3.781636	17.439209	327.090057	1.256928	
18.675949	3.722869	17.280672	327.990540	1.263605	
18.729950	3.867484	17.311060	328.908966	1.260039	
18.784082	3.726184	17.402176	329.797058	1.256920	
18.838118	3.680245	17.466251	330.739685	1.251372	
18.892117	3.743178	17.507275	331.637726	1.246288	
18.946117	3.919690	17.546120	332.453156	1.244251	
19.000116	3.846280	17.583307	333.369476	1.247456	
19.054150	3.761989	17.303089	334.331207	1.262985	
19.108150	3.927450	17.579298	335.225769	1.248826	
19.161983	4.056597	17.505445	336.061188	1.250761	
19.215784	3.862697	17.514984	336.918243	1.251534	
19.269783	3.934746	17.732084	337.825958	1.238413	
19.323683	4.173639	17.689985	338.734741	1.230769	
19.377716	4.201182	17.908476	339.635803	1.215597	
19.431717	4.244445	17.936722	340.540405	1.213465	
19.485750	4.096334	17.994276	341.373383	1.219582	
19.539551	4.219517	18.165699	342.355621	1.207681	
19.593384	3.744101	18.995043	343.193726	1.170028	
19.647182	3.937559	19.187777	344.099518	1.157442	
19.701183	3.969531	19.324915	344.957672	1.142540	
19.755184	3.879212	19.167175	345.807495	1.160270	
19.808983	3.918942	19.122633	346.664703	1.158613	
19.862816	3.958258	19.269135	347.508148	1.150653	
19.916683	4.243443	19.581652	348.400146	1.129168	
19.970684	4.094261	19.488758	349.255768	1.134885	
20.024750	4.078578	19.582443	350.181488	1.130858	
20.078783	3.943209	19.822302	351.130096	1.117333	
20.132784	4.187184	19.547369	351.926025	1.133907	
20.186817	4.197970	19.522541	352.853577	1.134052	
20.240816	4.262814	19.989038	353.694519	1.108309	
20.294817	4.265330	19.717804	354.588074	1.124630	
20.348850	4.069400	19.555155	355.393219	1.136623	
20.402884	4.391725	19.763397	356.253967	1.112957	
20.456917	4.237758	19.773859	357.150177	1.122729	
20.598883	4.305915	19.938688	359.431976	1.111171	
20.652916	4.242021	19.955252	360.322357	1.111256	
20.706949	4.301490	20.150599	361.245544	1.099445	
20.760983	4.402442	20.010199	362.146515	1.111806	
20.814983	4.326285	20.076796	363.010101	1.096290	
20.869017	4.271752	20.015720	363.895264	1.108196	
20.922983	4.544994	19.962404	364.789856	1.104821	
20.977016	4.365907	19.897284	365.613403	1.115932	
21.031084	4.474287	20.292942	366.510010	1.084774	
21.085117	4.555037	20.493326	367.512146	1.073989	
21.139151	4.601783	20.160826	368.287537	1.088837	
21.193150	4.654227	20.197062	369.266296	1.086308	
21.247183	4.665664	20.332100	370.152954	1.078334	
21.301216	4.497600	20.562189	371.094025	1.071887	
21.355249	4.632573	20.622068	371.907898	1.066202	
21.409250	4.799747	21.041361	372.776398	1.040469	
21.463249	4.843987	20.679796	373.665680	1.061998	
21.517282	4.429876	20.487425	374.528961	1.075096	
21.571283	4.637457	20.603333	375.521149	1.065077	
21.625317	4.831867	20.860111	376.304565	1.054259	
21.679283	4.899418	20.574356	377.240723	1.070159	
21.733316	4.942866	20.221159	378.245728	1.093705	
21.787317	4.852905	20.843313	379.119507	1.056448	
21.841351	4.999206	20.909090	379.952484	1.044942	
21.895184	4.666445	20.398218	380.731262	1.082792	
21.948984	5.064871	20.741556	381.623962	1.055477	
22.002783	4.976849	20.736555	382.430450	1.056401	
22.056717	4.778419	20.887527	383.395172	1.048664	
22.110716	4.901366	20.784275	384.246674	1.054610	
22.164783	5.180915	20.752285	385.153137	1.054293	
22.218584	5.308736	20.159586	385.969513	1.083584	
22.272417	5.078026	20.543861	386.844757	1.066416	
22.326349	5.196894	20.386358	387.718689	1.073734	
22.380350	5.231913	21.036177	388.651367	1.035392	
22.434284	5.051039	21.156645	389.529510	1.030231	
22.488283	5.393879	20.831661	390.375061	1.046566	
22.542284	5.310481	21.070004	391.257568	1.032990	
22.596283	5.196959	21.066744	392.062378	1.038535	
22.650316	5.186247	21.099951	392.972870	1.042067	
22.704350	5.211251	21.183783	393.976349	1.028350	
22.758383	5.464162	21.247240	394.862518	1.024057	
22.812384	5.505934	21.534691	395.759674	1.007765	
22.866350	5.592341	21.310265	396.610352	1.027075	
22.920383	5.831280	21.197418	397.341888	1.024626	
22.974382	5.780269	21.154255	398.261963	1.026370	
23.028418	5.589468	20.709049	399.188019	1.050745	
23.082417	5.547506	20.745274	399.882080	1.051221	
23.136417	5.885882	21.224064	400.113129	1.023686	
23.190416	5.671453	20.894501	400.213928	1.043541	
23.244450	5.601896	21.272150	400.207367	1.021444	
23.298450	5.636611	21.630896	400.279846	1.002053	
23.352484	5.585415	21.258528	400.257050	1.025361	
23.406450	5.454463	21.364689	400.201080	1.016379	
23.460516	5.547276	21.491034	400.184021	1.010017	
23.514517	5.566105	21.128267	400.206207	1.027813	
23.568550	5.527992	21.419542	400.291260	1.015349	
23.622549	5.649160	20.770796	400.188416	1.051296	
23.676550	5.481134	20.822264	400.097473	1.046786	
23.730551	5.486617	20.693483	400.096619	1.051688	
23.784550	5.725712	20.948450	400.235687	1.040585	
23.838583	5.469495	21.444210	400.069031	1.015291	
23.892584	5.399171	21.520573	399.980377	1.006328	
23.946383	5.465853	21.357689	399.952484	1.015964	
24.000250	5.507612	21.399090	400.060120	1.015472	
24.054050	5.484392	21.493914	400.094421	1.010619	
24.108049	5.516629	21.368717	400.049927	1.018748	
24.162083	5.547843	21.374315	400.130249	1.018483	
24.216116	5.520046	21.656668	400.115387	0.999647	
24.270117	5.479924	21.524954	400.097473	1.009590	
24.324116	5.563963	21.509459	399.998047	1.011702	
24.378117	5.497402	21.482731	400.025299	1.009717	
24.432117	5.650992	21.544744	400.053101	1.001281	
24.486116	5.449736	21.111698	400.130157	1.035478	
24.540117	5.492041	21.158142	400.151459	1.034681	
24.594116	5.499203	21.486057	400.052551	1.011188	
24.648117	5.504198	21.624029	399.984863	0.999126	
24.702150	5.385774	21.313892	399.961853	1.020606	
24.756149	5.564919	21.210930	399.823669	1.026972	
24.810150	5.669089	21.013178	400.064514	1.038816	
24.864149	5.552506	21.538038	399.962372	1.005735	
24.918150	5.515781	21.443750	400.093353	1.012504	
24.972183	5.665873	21.329302	400.148773	1.018452	